
strategic_region={
	id=11
	name="STRATEGICREGION_11"
	provinces={
		587 1621 3975 8045 11136 11303 12944 17195 17200 17205 17206 17207 17208 17209 17221 17222 17223 17227 17230 17231 17232 17233 17234 17235 17236 17237 17238 17240 17241 17243 17245 17246 17247 17271 17541 17590 17643 17720 17721 17840 17925 17980 17992 17997 18027 18039 18044 18071 18121 18124 18149 18154 18174 18227 18292 18301 18307 18340 18345 18379 18435 18436 18523 18536 18565 18583 18657 18663 18674 18677 18699 18724 18732 18758 18774 18810 18835 18842 18856 18875 18883 19002 19019 19053 19067 19072 19074 19075 19082 19088 19090 19091 
	}
	weather={
	}
}
