
strategic_region={
	id=17
	name="STRATEGICREGION_17"
	provinces={
		477 676 698 1393 1432 1734 1934 2058 2205 2295 2629 2835 2985 3555 4532 4552 4624 4724 4767 4779 4965 5240 5399 5458 5853 5971 6003 6217 6781 6872 7074 7383 7870 7999 8022 8055 8218 8256 8685 8709 8737 8916 9004 9101 9262 9516 9526 9599 9739 9903 9937 9962 9965 10357 10377 10391 10715 10774 11001 11054 11376 11448 11462 11535 13172 13176 13192 13194 13220 13229 13230 13251 13261 13273 13286 13292 13309 13311 13319 13335 13363 13385 13403 13408 13419 13430 13443 13455 13548 13579 13617 13622 13654 13666 17290 17293 
	}
	weather={
	}
}
