
strategic_region={
	id=26
	name="STRATEGICREGION_26"
	provinces={
		4988 5447 6225 7832 9127 17174 17175 17176 17177 17178 17179 17180 17181 17182 17186 17187 17189 17190 17191 17193 17194 17196 17197 17198 17199 17203 17204 17212 17217 17219 17225 17229 17239 17242 17248 17249 17254 17262 17264 17267 17446 17475 17517 17524 17641 17688 17695 17711 17733 17741 17780 17804 17865 17873 17957 17971 17972 18048 18059 18063 18085 18099 18118 18192 18278 18398 18405 18441 18457 18499 18526 18639 18687 18726 18796 18813 18890 18901 18922 18927 18940 18944 18985 19031 19059 19389 19390 
	}
	weather={
	}
}
