
strategic_region={
	id=29
	name="STRATEGICREGION_29"
	provinces={
		32 77 356 438 468 613 674 744 746 840 959 1096 1273 1397 1398 1504 1574 1749 1820 2179 2187 2208 2211 2298 2337 2349 2455 2587 2653 2654 2662 2729 2808 2866 2892 2964 2968 2987 3156 3206 3229 3238 3299 3468 3497 3508 3527 3744 3812 3849 3896 3909 4032 4153 4464 4491 4657 4670 4794 4825 4833 4871 4890 4892 4977 5126 5152 5182 5224 5273 5392 5448 5578 5685 5772 5819 5844 5961 6000 6099 6132 6271 6418 6466 6490 6679 6694 6763 6863 6937 6954 7033 7086 7111 7112 7153 7332 7364 7410 7518 7639 7643 7679 7724 7787 7834 7838 7879 7947 7956 7988 8024 8034 8176 8213 8335 8365 8410 8413 8425 8541 8561 8578 8583 8615 8633 8638 8658 8782 9040 9171 9198 9219 9233 9303 9373 9393 9571 9576 9608 9643 9793 9860 9949 10030 10135 10193 10374 10382 10452 10564 10598 10606 10681 10687 10736 10748 10770 10809 11068 11108 11311 11324 11342 11357 11399 11446 11450 11621 11622 12621 12638 12647 12654 12662 12681 12685 12704 12712 12716 12719 12720 12722 12751 12761 12763 12772 12778 12788 12808 12812 12818 12826 12833 12835 12836 12844 12852 12853 12857 12874 12875 12880 12885 12901 12902 12913 12919 12925 12931 12932 12945 12961 12962 12964 12969 12970 12983 12987 12990 12994 13001 13004 13008 13014 13017 13020 13021 13026 13032 13033 13037 13038 13047 13050 13057 13068 13069 13093 13094 13098 13114 13119 13124 13137 13140 13157 13163 13164 13169 13174 13181 13187 13196 13203 13209 13215 13233 13239 13258 13264 13279 13280 13283 13297 13298 13313 13317 13368 17257 17263 19391 
	}
	weather={
	}
}
