
strategic_region={
	id=45
	name="STRATEGICREGION_45"
	provinces={
		11 240 441 772 903 1166 1201 1271 1409 1487 1727 1781 1904 1978 2230 2323 2496 2752 2769 2786 2809 2913 2953 2960 3039 3148 3347 3352 3388 3429 3936 4116 4195 4210 4291 4333 4360 4367 4387 4459 4613 4631 4680 4772 4870 4934 5169 5181 5257 5309 5310 5351 5371 5446 5641 5676 5749 5776 5944 6038 6189 6322 6461 6480 6515 6533 6548 6681 6882 7075 7170 7277 7296 7298 7619 7746 7927 7980 7998 8019 8060 8077 8113 8226 8302 8375 8388 8393 8405 8408 8468 8535 8590 8608 8618 8681 8714 8882 9033 9043 9079 9083 9110 9135 9200 9286 9593 9644 9841 10206 10218 10247 10605 10813 11026 11058 11129 11172 11205 11301 11314 14181 14203 14204 14242 14286 14295 14306 14345 14352 14353 14373 14384 14386 14398 14399 14400 14405 14416 14425 14436 14437 14447 14453 14454 14461 14463 14467 14471 14487 14494 14500 14505 14512 14513 14523 14529 14534 14545 14546 14558 14564 14565 14569 14573 14574 14576 14581 14587 14588 14596 14603 14604 14609 14610 14613 14618 14622 14624 14633 14652 14653 14661 14672 14687 14697 14705 14783 20216 20226 
	}
	weather={
	}
}
