
strategic_region={
	id=51
	name="STRATEGICREGION_51"
	provinces={
		169 324 393 397 814 1154 1259 1262 1421 1437 1645 1844 1906 1954 2008 2149 2417 2451 2467 2513 2571 2577 2635 2767 2983 3066 3210 3269 3412 3425 3525 3739 3745 3795 4027 4046 4178 4199 4293 4362 4442 4551 4616 4743 4927 4962 4966 5305 5449 5479 5481 5501 5546 5570 5887 6098 6126 6547 6572 6617 6822 6879 7118 7207 7352 7843 8062 8543 8570 8930 9299 9472 9882 9975 10052 10891 10978 10983 11099 11175 11210 11534 11594 16719 16724 16726 16730 16732 16743 16745 16754 16755 16758 16762 16770 16771 16783 16799 16800 16801 16811 16819 16834 16852 16866 16878 17407 
	}
	weather={
	}
}
