
strategic_region={
	id=8
	name="STRATEGICREGION_8"
	provinces={
		16733 17406 17428 17440 17451 17464 17468 17485 17486 17504 17505 17535 17559 17564 17570 17586 17589 17593 17601 17610 17619 17628 17631 17639 17672 17673 17674 17678 17682 17693 17706 17707 17717 17728 17732 17735 17754 17761 17770 17786 17791 17798 17799 17856 17877 17899 17909 17917 17944 17961 18021 18031 18129 18145 18163 18171 18191 18213 18225 18245 18247 18252 18253 18264 18270 18279 18298 18305 18320 18324 18330 18339 18346 18366 18368 18432 18448 18481 18494 18498 18529 18530 18532 18538 18540 18548 18563 18577 18612 18614 18617 18625 18629 18650 18659 18672 18681 18695 18713 18723 18725 18746 18755 18771 18791 18794 18800 18803 18815 18817 18836 18861 18886 18891 18896 18904 18910 18914 18953 18957 18958 18979 18991 19017 19175 19179 19189 19193 19194 19197 19200 19203 19211 19212 19213 19214 19218 19219 19221 19223 
	}
	weather={
	}
}
