
strategic_region={
	id=9
	name="STRATEGICREGION_9"
	provinces={
		344 1404 1785 1948 2518 2806 3618 3992 4098 4392 4740 5143 5896 6569 7297 7507 7537 7600 8440 8688 8836 9421 9464 9539 9945 10116 10163 10203 10304 10576 10760 11238 11248 11282 11284 15882 15936 15995 16000 16140 16147 16162 16197 16263 16264 16273 16303 16316 16323 16386 16427 16455 17340 17342 17357 17359 17436 17458 17484 17515 17519 17563 17625 17743 17750 17774 17800 17811 17836 17857 17907 17921 17966 18003 18047 18114 18122 18205 18411 18425 18443 18458 18507 18534 18551 18562 18595 18602 18630 18631 18637 18644 18649 18666 18689 18691 18701 18737 18739 18789 18814 18857 18962 18989 19023 19157 19159 19161 19162 19164 19169 19174 
	}
	weather={
	}
}
