
state={
	id=111
	name="STATE_111"
	provinces={
		49 210 275 304 357 471 505 1006 1063 1294 1586 2110 2410 2847 2992 3008 3294 3502 3805 3820 3856 3944 4164 4396 4537 4620 4687 4806 5064 5229 5452 5590 5612 5661 5733 5817 5920 5926 6012 6513 6584 7263 7287 7597 7668 7674 8030 8135 8137 8397 8517 8573 8666 8699 8806 8813 8940 9158 9176 9243 9273 9567 9605 9693 9762 9911 9930 9942 9952 10005 10023 10028 10045 10495 10630 10754 10842 10901 11025 11080 11186 11201 11231 11417 11443 11469 11566 15094 15124 15126 15164 15170 15190 15191 15197 15199 15205 15211 15226 15236 15244 15250 15252 15264 15271 15275 15280 15281 15290 15294 15298 15299 15302 15305 15306 15312 15324 15326 15328 15329 15330 15339 15346 15368 15373 15376 15378 15386 15413 15438 15453 15467 15475 15501 
	}
	manpower=4461400
	buildings_max_level_factor=1.000
	state_category = city
	resources={
		oil=44 # was: 70
	}
	history={
		owner = ROM
		add_core_of = ROM
		buildings = {
			infrastructure = 6
			arms_factory = 4
			industrial_complex = 1
			air_base = 3
			dockyard = 1
		}

	}
}
