
state={
	id=169
	name="STATE_169"
	provinces={
		768 808 1075 1757 1860 1882 1955 2476 2574 2638 3001 3440 3542 3995 4025 4056 4163 4251 4675 4785 4864 4915 5306 5442 7289 7428 7804 7867 8054 8079 8156 8198 8455 8457 8465 8530 8605 8632 8731 9010 9069 9184 9486 9536 9715 9959 10004 10290 11016 11312 16390 16407 16422 16480 16496 16499 16526 16532 16533 16542 16545 16547 16555 16558 16561 16562 16563 16575 16576 16581 16585 16593 16594 16597 16600 16601 16608 16615 16616 16618 16619 16625 16628 16634 
	}
	manpower=0
	buildings_max_level_factor=1.000
}
