
state={
	id=265
	name="STATE_265"

	history={
		owner = SOV
		add_core_of = SOV
		buildings = {
			infrastructure = 3
			industrial_complex = 2
			air_base = 3

		}

	}

	provinces={
		662 1115 1281 1419 1440 1576 1626 1756 1865 2172 2281 2291 2569 2946 3011 3138 3217 3566 3927 4304 4938 5274 5418 5426 5497 5830 5998 6537 6540 6647 7031 7063 7249 7485 7496 7750 7939 7970 8159 8183 8346 8358 8459 8528 8703 9034 9067 9131 9313 9414 9461 9510 9547 9570 9584 9595 9681 9826 9918 10309 10422 10624 10660 11193 11218 11220 11361 11416 11538 11539 11551 11631 14739 14792 14820 14832 14844 14847 14850 14854 14855 14867 14874 14879 14903 14914 14918 14944 14950 14984 15000 15001 15015 15027 15028 15068 15111 
	}
	manpower=2949413
	buildings_max_level_factor=1.000
	state_category=town
}
