state={
	id=74
	name="STATE_74"
	provinces={
		40 607 1771 2107 2197 2944 3187 4316 4973 5716 5948 6791 7021 7141 7754 7840 7935 8281 8469 8559 8588 8948 9077 9249 9410 9569 9764 10429 10471 10679 10692 10952 11021 11051 13252 13255 13295 13307 13316 13324 13336 13346 13366 13376 13380 13437 13440 13452 13461 13474 13481 13486 13498 13499 13514 13521 13540 13549 
	}
	manpower=1238108
	buildings_max_level_factor=1.000
	state_category = town
	history={
		owner = GER
		add_core_of = GER	
		buildings = {
			infrastructure = 6
		}
	}
}
